{
  "random_state": 8,
  "weights_bma_cv": [
    0.20827208324404606,
    0.046621540768194636,
    0.15953873179412345,
    0.18405013542295962,
    0.19496007164396495,
    0.20655743712671115
  ],
  "average_pmf_bma_cv": [
    0.05508181728778293,
    0.07046999089574485,
    0.0937977877267899,
    0.11895759920470295,
    0.13678949602281004,
    0.1421742021428423,
    0.13701260063892984,
    0.12812175977349544,
    0.12784762359207064,
    0.017116013999098012,
    0.009247383956725507,
    0.00466567828480282,
    0.002242910006056337,
    0.0010497718125683766,
    0.0004887045852521107,
    0.00023028262257767125,
    0.00011090637879540677,
    5.46304041733439e-05,
    2.7363699263081983e-05,
    1.3824831141547517e-05,
    6.994477840113863e-06,
    3.525828215584437e-06,
    1.7655805218726468e-06
  ],
  "log_likelihood_bma_cv": -4.046228225087508,
  "param_num_bma_cv": 1.3754754607307231,
  "bic_bma_cv": 11.259605741832697,
  "model_uncertainty": [
    [
      0.37609833391705344,
      0.27570513275988984,
      0.08779363217578019,
      0.0683024096578703,
      0.19210049148940628
    ],
    [
      0.23204016121306645,
      0.07445362785562142,
      0.010328186084444272,
      0.042030613181289485,
      0.6411474116655783
    ],
    [
      0.2396557097770837,
      0.2979185002665802,
      0.09737117552964694,
      0.08246759863173006,
      0.28258701579495926
    ],
    [
      0.42680222757740227,
      0.25829086445560306,
      0.07944832098447598,
      0.07936528503808725,
      0.15609330194443144
    ],
    [
      0.4114964445597035,
      0.23139407747645366,
      0.07364895184841519,
      0.05881308626829487,
      0.2246474398471329
    ],
    [
      0.3773923162435962,
      0.2872629791999523,
      0.08998390118433791,
      0.07534541247560292,
      0.17001539089651077
    ]
  ],
  "params_used": [
    [
      [
        8.0
      ],
      [
        5.0
      ],
      [
        495,
        0.010110808080808081
      ],
      [
        9.0,
        0.6426397897897898
      ],
      [
        1.657931442360586,
        0.9028500570967735
      ]
    ],
    [
      [
        8.0
      ],
      [
        5.8
      ],
      [
        15,
        0.3838407070707071
      ],
      [
        9.0,
        0.6086064364364364
      ],
      [
        1.9517863349000844,
        0.6800370425463339
      ]
    ],
    [
      [
        8.0
      ],
      [
        5.5
      ],
      [
        90,
        0.060614848484848494
      ],
      [
        9.0,
        0.6206182082082081
      ],
      [
        1.3455567955189602,
        0.5406805717310799
      ]
    ],
    [
      [
        8.0
      ],
      [
        5.2
      ],
      [
        40,
        0.13132050505050508
      ],
      [
        9.0,
        0.6336309609609609
      ],
      [
        1.9267573665159696,
        0.9646727765214479
      ]
    ],
    [
      [
        8.0
      ],
      [
        4.9
      ],
      [
        485,
        0.010110808080808081
      ],
      [
        9.0,
        0.6476446946946947
      ],
      [
        1.6798354701752538,
        0.9587699582188359
      ]
    ],
    [
      [
        8.0
      ],
      [
        5.1
      ],
      [
        125,
        0.04041323232323233
      ],
      [
        9.0,
        0.6386358658658658
      ],
      [
        1.7351082485246772,
        0.9064059349027691
      ]
    ]
  ]
},
{
  "random_state": 12,
  "weights_bma_cv": [
    0.13438069358180965,
    0.18275122873671434,
    0.15279865183481114,
    0.24345621847689733,
    0.13683610496379225,
    0.14977710240597525
  ],
  "average_pmf_bma_cv": [
    0.04117535789325737,
    0.04705109917319049,
    0.057404858108714714,
    0.07288826666614674,
    0.09073366488496108,
    0.10584421269981882,
    0.1137535816543696,
    0.11308189872069867,
    0.1057848128350485,
    0.09559710011632781,
    0.0863375200016517,
    0.08278129282873851,
    0.010293588411347643,
    0.005776195081467901,
    0.003105349639978615,
    0.0016254761541411836,
    0.0008425289728874656,
    0.0004391818266369756,
    0.00023280019815740573,
    0.00012606982323901486,
    6.963691344028434e-05,
    3.9024668277819134e-05,
    2.2049179738120944e-05
  ],
  "log_likelihood_bma_cv": -4.891379998444469,
  "param_num_bma_cv": 1.350071377050694,
  "bic_bma_cv": 12.89141422416381,
  "model_uncertainty": [
    [
      0.32472841356884674,
      0.25556070658119734,
      0.08124978914190194,
      0.09142487262542907,
      0.24703621808262494
    ],
    [
      0.3126696521273213,
      0.323968514748155,
      0.1031147032371627,
      0.0850171662202836,
      0.1752299636670774
    ],
    [
      0.7123707356767428,
      0.08812112971819935,
      0.02721494296495549,
      0.05650214652452038,
      0.11579104511558183
    ],
    [
      0.17808799711609796,
      0.39540753677450496,
      0.1270056014884122,
      0.0641276528417476,
      0.23537121177923717
    ],
    [
      0.4528653615845747,
      0.20540665977188924,
      0.06418873597376945,
      0.08381172243727111,
      0.19372752023249562
    ],
    [
      0.4701937148389192,
      0.22144771995834617,
      0.06984395839948537,
      0.0848085315738032,
      0.15370607522944602
    ]
  ],
  "params_used": [
    [
      [
        11.0
      ],
      [
        7.1
      ],
      [
        700,
        0.010110808080808081
      ],
      [
        11.777777777777777,
        0.6236211511511511
      ],
      [
        1.448037124422431,
        0.748407833885099
      ]
    ],
    [
      [
        11.0
      ],
      [
        6.7
      ],
      [
        665,
        0.010110808080808081
      ],
      [
        8.88888888888889,
        0.5705691591591591
      ],
      [
        1.374743849208289,
        0.8192929315156048
      ]
    ],
    [
      [
        11.0
      ],
      [
        6.9
      ],
      [
        685,
        0.010110808080808081
      ],
      [
        12.0,
        0.6346319419419418
      ],
      [
        2.3526142589222476,
        1.3606370415292237
      ]
    ],
    [
      [
        11.0
      ],
      [
        6.7
      ],
      [
        665,
        0.010110808080808081
      ],
      [
        7.111111111111111,
        0.5145142242242242
      ],
      [
        1.1960946577143117,
        0.6952311825651687
      ]
    ],
    [
      [
        11.0
      ],
      [
        6.9
      ],
      [
        685,
        0.010110808080808081
      ],
      [
        12.0,
        0.6346319419419418
      ],
      [
        1.588510387110258,
        0.888801601257396
      ]
    ],
    [
      [
        11.0
      ],
      [
        6.7
      ],
      [
        665,
        0.010110808080808081
      ],
      [
        12.0,
        0.6416388088088087
      ],
      [
        1.8222360323660902,
        1.1410642296294906
      ]
    ]
  ]
},
{
  "random_state": 13,
  "weights_bma_cv": [
    0.13514488956024698,
    0.2051553264814977,
    0.23731838930971158,
    0.015742283239547124,
    0.1730195224922505,
    0.23361958891674617
  ],
  "average_pmf_bma_cv": [
    0.03620417424464786,
    0.0581477808117603,
    0.09220027391030185,
    0.12659088589152484,
    0.14668666294970995,
    0.1458642851228502,
    0.12817351181250156,
    0.10294462569835994,
    0.07827421700620778,
    0.05808356889181141,
    0.04346458746645275,
    0.005672228318458603,
    0.0026304832679118796,
    0.0011779476680223197,
    0.0005187630771493833,
    0.00022830051953990794,
    0.00010148927957149345,
    4.5750667587018104e-05,
    2.0868815042468328e-05,
    9.57934378220587e-06,
    4.398471598351067e-06,
    2.010433938396575e-06,
    9.118180630724993e-07
  ],
  "log_likelihood_bma_cv": -3.9862512749794092,
  "param_num_bma_cv": 1.356394760055002,
  "bic_bma_cv": 11.095716904676701,
  "model_uncertainty": [
    [
      0.48045286075772775,
      0.26361804937730493,
      0.08267918240003286,
      0.1023721475428334,
      0.07087775992210092
    ],
    [
      0.27224746821842555,
      0.39834277133987267,
      0.126240063924679,
      0.11172090870256578,
      0.09144878781445723
    ],
    [
      0.24629476407840709,
      0.4297738491890055,
      0.13680458134342874,
      0.10675378645721519,
      0.0803730189319436
    ],
    [
      2.3606500890095636e-09,
      0.36186776655673186,
      0.11210195178657556,
      0.19395099201040203,
      0.33207928728564046
    ],
    [
      0.2924781342567758,
      0.3455322633470506,
      0.10871681421301403,
      0.11400867799734561,
      0.139264110185814
    ],
    [
      0.1739662116474373,
      0.3779751149351192,
      0.11904816628858786,
      0.11026504293366138,
      0.21874546419519408
    ]
  ],
  "params_used": [
    [
      [
        10.0
      ],
      [
        4.9
      ],
      [
        485,
        0.010110808080808081
      ],
      [
        11.0,
        0.6916878578578578
      ],
      [
        2.9079040548774766,
        2.9273425874495778
      ]
    ],
    [
      [
        10.0
      ],
      [
        4.9
      ],
      [
        485,
        0.010110808080808081
      ],
      [
        11.0,
        0.6916878578578578
      ],
      [
        2.1877993688072612,
        2.1769106895524284
      ]
    ],
    [
      [
        10.0
      ],
      [
        4.8
      ],
      [
        475,
        0.010110808080808081
      ],
      [
        11.0,
        0.6966927627627627
      ],
      [
        2.030163554927262,
        2.089270153509747
      ]
    ],
    [
      [
        8.0
      ],
      [
        4.6
      ],
      [
        455,
        0.010110808080808081
      ],
      [
        9.0,
        0.6616584284284284
      ],
      [
        2.6097173825361697,
        1.8738684963828929
      ]
    ],
    [
      [
        10.0
      ],
      [
        5.1
      ],
      [
        505,
        0.010110808080808081
      ],
      [
        11.0,
        0.68368001001001
      ],
      [
        2.39704913693508,
        2.2123859263677166
      ]
    ],
    [
      [
        10.0
      ],
      [
        5.2
      ],
      [
        515,
        0.010110808080808081
      ],
      [
        11.0,
        0.6786751051051051
      ],
      [
        2.1664736002207268,
        1.9345720339203023
      ]
    ]
  ]
},
{
  "random_state": 3,
  "weights_bma_cv": [
    0.01469736881538128,
    0.1729403054238624,
    0.21261741133408732,
    0.017028282847871553,
    0.2862068520394545,
    0.2965097795393429
  ],
  "average_pmf_bma_cv": [
    0.02593303548713015,
    0.035319089825870606,
    0.054720099076246725,
    0.0827260893845932,
    0.11152504428120082,
    0.13116373153291921,
    0.13567132914000196,
    0.12586899126070378,
    0.10920643475598822,
    0.08291457674307959,
    0.06240409752322029,
    0.045578853897880515,
    0.009860931042718962,
    0.005081598670218519,
    0.002505868950649929,
    0.0012007540046276989,
    0.0005680090661592644,
    0.0002690866108371585,
    0.00012898110639343341,
    6.28269318395254e-05,
    3.1056633683372345e-05,
    1.550186365370309e-05,
    7.766391239387333e-06
  ],
  "log_likelihood_bma_cv": -4.212035306743399,
  "param_num_bma_cv": 1.3417227851731928,
  "bic_bma_cv": 11.513501497557044,
  "model_uncertainty": [
    [
      0.17155370482786267,
      0.021247817438412135,
      0.000772493938532651,
      0.019092187221943543,
      0.787333796573249
    ],
    [
      0.3336961316537355,
      0.33012881043252795,
      0.10340842634767056,
      0.10890185816976984,
      0.12386477339629619
    ],
    [
      0.3158031073610139,
      0.40742431655114725,
      0.13110106830111484,
      0.09526329680786066,
      0.050408210978863284
    ],
    [
      1.0657266904275493e-09,
      0.2831763153757617,
      0.08293544762351214,
      0.10196684695483643,
      0.5319213889801631
    ],
    [
      0.21146469019803218,
      0.43917552809410004,
      0.13998461437846332,
      0.10182482708846859,
      0.10755034024093588
    ],
    [
      0.21107875816743743,
      0.449375052293372,
      0.14402470663077976,
      0.09743195307813514,
      0.09808952983027562
    ]
  ],
  "params_used": [
    [
      [
        11.0
      ],
      [
        7.1
      ],
      [
        15,
        0.47474797979797984
      ],
      [
        12.0,
        0.628626056056056
      ],
      [
        7.991699403052874,
        4.379740417279848
      ]
    ],
    [
      [
        11.0
      ],
      [
        6.5
      ],
      [
        645,
        0.010110808080808081
      ],
      [
        12.0,
        0.6486456756756757
      ],
      [
        3.419291692768768,
        2.3524960769106062
      ]
    ],
    [
      [
        11.0
      ],
      [
        6.0
      ],
      [
        595,
        0.010110808080808081
      ],
      [
        12.0,
        0.6666633333333333
      ],
      [
        2.696808869026536,
        2.2000890779911373
      ]
    ],
    [
      [
        8.0
      ],
      [
        5.9
      ],
      [
        65,
        0.09091727272727274
      ],
      [
        9.0,
        0.6036015315315315
      ],
      [
        1.0856170995174705,
        0.331738786655025
      ]
    ],
    [
      [
        11.0
      ],
      [
        6.3
      ],
      [
        625,
        0.010110808080808081
      ],
      [
        12.0,
        0.6556525425425425
      ],
      [
        2.690720846221869,
        1.9861382451830496
      ]
    ],
    [
      [
        11.0
      ],
      [
        6.2
      ],
      [
        615,
        0.010110808080808081
      ],
      [
        12.0,
        0.6596564664664664
      ],
      [
        2.5797077746288783,
        1.9664535475376808
      ]
    ]
  ]
},
{
  "random_state": 9,
  "weights_bma_cv": [
    0.1457888603714746,
    0.14578886028226706,
    0.18482193801643865,
    0.20597600490186013,
    0.15261699415921776,
    0.16500734226874192
  ],
  "average_pmf_bma_cv": [
    0.040270927367194294,
    0.04543359649720036,
    0.05408122712107849,
    0.06725378909890214,
    0.08333254292872533,
    0.09840078043644142,
    0.10834002211372681,
    0.11111214721760616,
    0.10759036540849909,
    0.10076183505751063,
    0.0945503944113375,
    0.09623066233230179,
    0.011945092621858052,
    0.006962583052342199,
    0.0038658821517063152,
    0.0020729986855518466,
    0.001089348397552447,
    0.0005690253213452244,
    0.00029895340819625254,
    0.00015911607474439213,
    8.595105888734082e-05,
    4.699963780366015e-05,
    2.589087424383253e-05
  ],
  "log_likelihood_bma_cv": -4.843538447116822,
  "param_num_bma_cv": 1.3798921242204192,
  "bic_bma_cv": 12.86439592940347,
  "model_uncertainty": [
    [
      0.4567193935697928,
      0.19365034996454514,
      0.06095890764331631,
      0.08102622660556384,
      0.20764512221678183
    ],
    [
      0.4567193974208369,
      0.19365035159739902,
      0.06095890815731997,
      0.08102622728877454,
      0.20764511553566947
    ],
    [
      0.3877290810070593,
      0.27065912633450845,
      0.08599365514274084,
      0.08544918816247304,
      0.17016894935321844
    ],
    [
      0.15219285200367477,
      0.31302892700612645,
      0.10076588707996659,
      0.05329447207054177,
      0.3807178618396904
    ],
    [
      0.5584204860895284,
      0.15821736773283984,
      0.0494477877950185,
      0.07528030680588989,
      0.1586340515767233
    ],
    [
      0.35287280377613495,
      0.27494365045517677,
      0.0867876203029393,
      0.08919479225372369,
      0.19620113321202534
    ]
  ],
  "params_used": [
    [
      [
        11.0
      ],
      [
        7.3
      ],
      [
        720,
        0.010110808080808081
      ],
      [
        12.0,
        0.6216191891891891
      ],
      [
        1.6654706868381517,
        0.7986926626501412
      ]
    ],
    [
      [
        11.0
      ],
      [
        7.3
      ],
      [
        720,
        0.010110808080808081
      ],
      [
        12.0,
        0.6216191891891891
      ],
      [
        1.6654703468358667,
        0.7986927865777326
      ]
    ],
    [
      [
        11.0
      ],
      [
        7.0
      ],
      [
        695,
        0.010110808080808081
      ],
      [
        12.0,
        0.6316289989989989
      ],
      [
        1.743670543616941,
        0.9689533197436527
      ]
    ],
    [
      [
        11.0
      ],
      [
        7.0
      ],
      [
        695,
        0.010110808080808081
      ],
      [
        8.333333333333332,
        0.5435426726726726
      ],
      [
        1.2351407486261643,
        0.6403177321938788
      ]
    ],
    [
      [
        11.0
      ],
      [
        7.2
      ],
      [
        710,
        0.010110808080808081
      ],
      [
        12.0,
        0.624622132132132
      ],
      [
        2.078956968789146,
        1.0737317357467249
      ]
    ],
    [
      [
        11.0
      ],
      [
        7.2
      ],
      [
        710,
        0.010110808080808081
      ],
      [
        12.0,
        0.624622132132132
      ],
      [
        1.51357548844926,
        0.7535290168057553
      ]
    ]
  ]
},
{
  "random_state": 6,
  "weights_bma_cv": [
    0.006797605154597901,
    0.22258747193857328,
    0.10101888363509175,
    0.22258751539996566,
    0.22258745007822134,
    0.22442107379354992
  ],
  "average_pmf_bma_cv": [
    0.02763342797368129,
    0.052061762179101446,
    0.09109979364293594,
    0.13053953299402,
    0.15285498519040197,
    0.15043338120323013,
    0.12857411470334296,
    0.09875700153095134,
    0.07078279976530161,
    0.04939491004792852,
    0.0350829102887932,
    0.02626997646820264,
    0.0028408263150578117,
    0.001241743632565848,
    0.0005312353300357122,
    0.00022605034004213648,
    9.68031160532088e-05,
    4.1945641610313604e-05,
    1.837694666342854e-05,
    8.102694342540605e-06,
    3.574711600503567e-06,
    1.5701030884493698e-06,
    6.841744929689921e-07
  ],
  "log_likelihood_bma_cv": -3.914344779532734,
  "param_num_bma_cv": 1.3546799429019167,
  "bic_bma_cv": 10.947955401369446,
  "model_uncertainty": [
    [
      7.24947388805427e-09,
      0.37207932491569473,
      0.036546613679608826,
      0.29954768922298913,
      0.29182636493223335
    ],
    [
      0.1847006417123547,
      0.4671419028272646,
      0.14826900492706915,
      0.12404710648040002,
      0.07584134405291153
    ],
    [
      0.44885848965897435,
      0.2961622102129735,
      0.09286989712197519,
      0.11412732173449149,
      0.04798208127158544
    ],
    [
      0.18470066057495194,
      0.4671419505342432,
      0.14826902006907675,
      0.12404711914874045,
      0.07584124967298761
    ],
    [
      0.1847006283506753,
      0.4671418690331192,
      0.14826899420094014,
      0.1240470975065402,
      0.0758414109087252
    ],
    [
      0.1549626953019113,
      0.434347730921345,
      0.13701774514164458,
      0.1257314435853819,
      0.14794038504971738
    ]
  ],
  "params_used": [
    [
      [
        8.0
      ],
      [
        4.4
      ],
      [
        20,
        0.2222277777777778
      ],
      [
        9.0,
        0.6716682382382382
      ],
      [
        4.490110759697349,
        3.621656513381972
      ]
    ],
    [
      [
        11.0
      ],
      [
        4.9
      ],
      [
        485,
        0.010110808080808081
      ],
      [
        11.888888888888888,
        0.7077035535535535
      ],
      [
        2.249811752699813,
        2.6486367326817155
      ]
    ],
    [
      [
        11.0
      ],
      [
        4.8
      ],
      [
        475,
        0.010110808080808081
      ],
      [
        12.0,
        0.7147104204204203
      ],
      [
        3.171107058029975,
        3.931918605291951
      ]
    ],
    [
      [
        11.0
      ],
      [
        4.9
      ],
      [
        485,
        0.010110808080808081
      ],
      [
        11.888888888888888,
        0.7077035535535535
      ],
      [
        2.2498179070287287,
        2.648643714330386
      ]
    ],
    [
      [
        11.0
      ],
      [
        4.9
      ],
      [
        485,
        0.010110808080808081
      ],
      [
        11.888888888888888,
        0.7077035535535535
      ],
      [
        2.2498107599112696,
        2.6486347403719854
      ]
    ],
    [
      [
        11.0
      ],
      [
        5.1
      ],
      [
        505,
        0.010110808080808081
      ],
      [
        12.0,
        0.7016976676676676
      ],
      [
        2.3180556756056014,
        2.5570460467171015
      ]
    ]
  ]
},
{
  "random_state": 10,
  "weights_bma_cv": [
    0.2042120040288021,
    0.2475901662851741,
    0.005773691327938692,
    0.14374698557265395,
    0.14161455395084235,
    0.2570625988345887
  ],
  "average_pmf_bma_cv": [
    0.03595013304050258,
    0.06228029014177023,
    0.09871322984785148,
    0.13132902209578715,
    0.14627347376825636,
    0.139935671166573,
    0.11891146279185713,
    0.09312987199974544,
    0.06986373467638769,
    0.05202013936400139,
    0.039449981669759916,
    0.030732923031491336,
    0.0021774473954748823,
    0.0010043108022550402,
    0.0004641270166242761,
    0.00021776745697239932,
    0.00010425119558762617,
    5.079077064383001e-05,
    2.501590537688606e-05,
    1.2367272769047945e-05,
    6.102853093647045e-06,
    2.9954167627791307e-06,
    1.4596650959805091e-06
  ],
  "log_likelihood_bma_cv": -4.060098971145888,
  "param_num_bma_cv": 1.3849560444551827,
  "bic_bma_cv": 11.30917708470628,
  "model_uncertainty": [
    [
      0.1949971077641316,
      0.34869643703186537,
      0.1093857999715039,
      0.12138416717835059,
      0.2255364880541487
    ],
    [
      0.2558967820365233,
      0.4740518863946446,
      0.15090236722628128,
      0.09576732361281419,
      0.023381640729736558
    ],
    [
      9.687360362933597e-09,
      0.30709101294087837,
      0.046969192456872366,
      0.31123641109646244,
      0.3347033738184265
    ],
    [
      0.19352276812784378,
      0.2502553420326745,
      0.07794579610942043,
      0.10155326941896375,
      0.37672282431109755
    ],
    [
      0.5332611712530062,
      0.2656370999506722,
      0.08316717753298339,
      0.08660191419278712,
      0.03133263707055101
    ],
    [
      0.166196724762264,
      0.39626027575797723,
      0.12455919460055816,
      0.12661133714800898,
      0.18637246773119162
    ]
  ],
  "params_used": [
    [
      [
        11.0
      ],
      [
        5.0
      ],
      [
        495,
        0.010110808080808081
      ],
      [
        9.555555555555555,
        0.6566535235235235
      ],
      [
        2.0293492056499756,
        2.310389944508168
      ]
    ],
    [
      [
        11.0
      ],
      [
        4.4
      ],
      [
        435,
        0.010110808080808081
      ],
      [
        6.333333333333333,
        0.5895877977977978
      ],
      [
        1.67959451004493,
        2.315146542444235
      ]
    ],
    [
      [
        8.0
      ],
      [
        4.3
      ],
      [
        35,
        0.12121969696969698
      ],
      [
        9.0,
        0.6766731431431431
      ],
      [
        3.535773572221249,
        2.9867173980832322
      ]
    ],
    [
      [
        11.0
      ],
      [
        5.1
      ],
      [
        505,
        0.010110808080808081
      ],
      [
        11.444444444444445,
        0.6916878578578578
      ],
      [
        2.1909849476684786,
        2.4189108139203412
      ]
    ],
    [
      [
        11.0
      ],
      [
        4.2
      ],
      [
        415,
        0.010110808080808081
      ],
      [
        8.0,
        0.6556525425425425
      ],
      [
        1.9840670448541782,
        2.988033076174567
      ]
    ],
    [
      [
        11.0
      ],
      [
        5.0
      ],
      [
        495,
        0.010110808080808081
      ],
      [
        8.555555555555555,
        0.6316289989989989
      ],
      [
        1.9287629358859752,
        2.1981844106353448
      ]
    ]
  ]
},
{
  "random_state": 1,
  "weights_bma_cv": [
    0.12172937426292692,
    0.3699932654926858,
    0.0009005902500209103,
    0.12172937426292692,
    0.11477941066974352,
    0.27086798506169596
  ],
  "average_pmf_bma_cv": [
    0.0248327898566268,
    0.03162103566797328,
    0.04270414031244789,
    0.05940508182201612,
    0.07967312291662484,
    0.09822180985767381,
    0.10931646252668017,
    0.10999441077048117,
    0.10125890765152273,
    0.08685534498892747,
    0.07103754835938986,
    0.05688224494556553,
    0.0456242678174617,
    0.03746227697190297,
    0.03152139384654106,
    0.026675433947952954,
    0.001935662631063957,
    0.0011532148745095265,
    0.0007172642012592061,
    0.0004649177359236986,
    0.0003109907108694737,
    0.00021217604362930124,
    0.00014623455811370783
  ],
  "log_likelihood_bma_cv": -4.858054968931453,
  "param_num_bma_cv": 1.3638165523760226,
  "bic_bma_cv": 12.85641360094247,
  "model_uncertainty": [
    [
      0.5958012895447891,
      0.13319107788986156,
      0.041073494679666894,
      0.10647471534981082,
      0.12345942253587171
    ],
    [
      0.12911562024361015,
      0.4813927962211309,
      0.1503458331046911,
      0.09044083703752456,
      0.14870491339304343
    ],
    [
      3.89312133742743e-09,
      0.047191525480075956,
      0.014629394904867083,
      0.07701502120329594,
      0.8611640545186398
    ],
    [
      0.5958012895447891,
      0.13319107788986156,
      0.041073494679666894,
      0.10647471534981082,
      0.12345942253587171
    ],
    [
      0.21605773372893067,
      0.18821422829466472,
      0.05968106542802072,
      0.11199208568739968,
      0.4240548868609843
    ],
    [
      0.21284780885261917,
      0.4752190282814288,
      0.1521683480419546,
      0.081887033961267,
      0.07787778086273026
    ]
  ],
  "params_used": [
    [
      [
        15.0
      ],
      [
        7.1
      ],
      [
        705,
        0.010110808080808081
      ],
      [
        7.363636363636364,
        0.5095093193193193
      ],
      [
        1.8274252415066374,
        1.903396953047968
      ]
    ],
    [
      [
        15.0
      ],
      [
        7.3
      ],
      [
        725,
        0.010110808080808081
      ],
      [
        4.333333333333334,
        0.3723749249249249
      ],
      [
        1.4001673017949736,
        1.3953517670278344
      ]
    ],
    [
      [
        11.0
      ],
      [
        6.1
      ],
      [
        605,
        0.010110808080808081
      ],
      [
        7.222222222222221,
        0.5425416916916916
      ],
      [
        1.2278097434848767,
        0.8723208785445974
      ]
    ],
    [
      [
        15.0
      ],
      [
        7.1
      ],
      [
        705,
        0.010110808080808081
      ],
      [
        7.363636363636364,
        0.5095093193193193
      ],
      [
        1.8274252415066374,
        1.903396953047968
      ]
    ],
    [
      [
        15.0
      ],
      [
        7.6
      ],
      [
        750,
        0.010110808080808081
      ],
      [
        5.848484848484849,
        0.4344357457457457
      ],
      [
        1.6382710579297464,
        1.5265904843634757
      ]
    ],
    [
      [
        15.0
      ],
      [
        6.8
      ],
      [
        675,
        0.010110808080808081
      ],
      [
        4.333333333333334,
        0.3893916016016016
      ],
      [
        1.3618690045532322,
        1.5106406646952166
      ]
    ]
  ]
},
{
  "random_state": 15,
  "weights_bma_cv": [
    0.1872251918102268,
    0.19499537980194687,
    0.046624296339918096,
    0.17334942585192206,
    0.18787590072355678,
    0.2099298054724294
  ],
  "average_pmf_bma_cv": [
    0.04008726326145072,
    0.04187653923691697,
    0.04472363823385932,
    0.04916037596196746,
    0.05551763064365687,
    0.06332383687536836,
    0.07116269944132778,
    0.07720429682036645,
    0.08006764620417822,
    0.07942890557769439,
    0.07604667826775399,
    0.07131879142339446,
    0.06674258404931191,
    0.06365012372209256,
    0.06371386535455051,
    0.07620096341451882,
    0.0033606848419128785,
    0.0020903143255444146,
    0.0013186573340242904,
    0.000856192222552389,
    0.0005761579707537115,
    0.0004011415261575404,
    0.00028679304923989865
  ],
  "log_likelihood_bma_cv": -5.099264597189631,
  "param_num_bma_cv": 1.3779729019052631,
  "bic_bma_cv": 13.371429056856067,
  "model_uncertainty": [
    [
      0.5806165993964759,
      0.07496666589787254,
      0.02277908394030766,
      0.04839498504959131,
      0.2732426657157524
    ],
    [
      0.7519132424729872,
      0.016727968035338762,
      0.00508722866356093,
      0.034026508779685806,
      0.19224505204842735
    ],
    [
      0.1975512719338331,
      0.018171499945238197,
      0.0055289536549569486,
      0.03507069321009173,
      0.74367758125588
    ],
    [
      0.24148825350429756,
      0.3269940822157368,
      0.10323866148751062,
      0.08245556320123289,
      0.2458234395912223
    ],
    [
      0.21128135808351958,
      0.3423232418318608,
      0.10817585084946335,
      0.0813557444350196,
      0.2568638048001366
    ],
    [
      0.48797758726519,
      0.16362564086575465,
      0.050567233752237636,
      0.06978260479147169,
      0.2280469333253458
    ]
  ],
  "params_used": [
    [
      [
        15.0
      ],
      [
        7.9
      ],
      [
        780,
        0.010110808080808081
      ],
      [
        4.787878787878788,
        0.3773798298298298
      ],
      [
        1.104058792788254,
        0.8527096227975983
      ]
    ],
    [
      [
        15.0
      ],
      [
        8.8
      ],
      [
        870,
        0.010110808080808081
      ],
      [
        9.181818181818182,
        0.5105103003003002
      ],
      [
        1.510153757914817,
        0.9598117276641608
      ]
    ],
    [
      [
        15.0
      ],
      [
        9.7
      ],
      [
        960,
        0.010110808080808081
      ],
      [
        7.363636363636364,
        0.43143280280280283
      ],
      [
        1.105453620359263,
        0.5321126401360348
      ]
    ],
    [
      [
        15.0
      ],
      [
        8.9
      ],
      [
        880,
        0.010110808080808081
      ],
      [
        4.484848484848484,
        0.3353386286286286
      ],
      [
        0.8751265841336192,
        0.4928038745712132
      ]
    ],
    [
      [
        15.0
      ],
      [
        9.0
      ],
      [
        890,
        0.010110808080808081
      ],
      [
        4.484848484848484,
        0.33233568568568567
      ],
      [
        0.8757579263890786,
        0.4841378163440941
      ]
    ],
    [
      [
        15.0
      ],
      [
        8.2
      ],
      [
        810,
        0.010110808080808081
      ],
      [
        4.636363636363637,
        0.36136413413413415
      ],
      [
        1.0993804693312144,
        0.79909575120357
      ]
    ]
  ]
},
{
  "random_state": 7,
  "weights_bma_cv": [
    0.19248006624607175,
    0.24706853561613368,
    0.1768239650637249,
    0.11849281337351243,
    0.08680299678747615,
    0.1783316229130811
  ],
  "average_pmf_bma_cv": [
    0.03450399153051496,
    0.03721769630111674,
    0.040820886414393395,
    0.04630467442872166,
    0.05402898291007245,
    0.06335061100649103,
    0.07261128520088046,
    0.07976470041696321,
    0.0832967092533091,
    0.08285307614658177,
    0.07925104378064765,
    0.07399857461408899,
    0.06870586573774888,
    0.06476653417335337,
    0.06375398160242665,
    0.07307865849100885,
    0.003600022312540181,
    0.0021386852065442313,
    0.0012579725824860236,
    0.0007423818924109717,
    0.0004442790736094491,
    0.00027126692462231625,
    0.00016911807329977817
  ],
  "log_likelihood_bma_cv": -5.151353599937117,
  "param_num_bma_cv": 1.4046808305552432,
  "bic_bma_cv": 13.537104340725232,
  "model_uncertainty": [
    [
      0.5212862867834469,
      0.16099912333470717,
      0.04963946850827878,
      0.07697578285167223,
      0.19109933852189498
    ],
    [
      0.13544901001408602,
      0.3657630172354416,
      0.11599405390252127,
      0.08275423688908592,
      0.3000396819588651
    ],
    [
      0.7511797604752319,
      0.04834845139911503,
      0.014794603766930411,
      0.043260462603830076,
      0.14241672175489273
    ],
    [
      0.2363553375611207,
      0.20627739034035647,
      0.06459775269443385,
      0.09269965258944263,
      0.40006986681464624
    ],
    [
      0.09546286756875444,
      0.15552043494938467,
      0.048918579711062005,
      0.05307537953954212,
      0.6470227382312567
    ],
    [
      0.5919820147950086,
      0.1064272535101092,
      0.03248313934689498,
      0.05893665940953342,
      0.21017093293845393
    ]
  ],
  "params_used": [
    [
      [
        15.0
      ],
      [
        8.1
      ],
      [
        800,
        0.010110808080808081
      ],
      [
        9.484848484848484,
        0.5395387487487487
      ],
      [
        1.479864832691756,
        1.0967631106721754
      ]
    ],
    [
      [
        15.0
      ],
      [
        9.0
      ],
      [
        890,
        0.010110808080808081
      ],
      [
        7.666666666666667,
        0.46046125125125126
      ],
      [
        1.0708236985639084,
        0.5815246919185008
      ]
    ],
    [
      [
        15.0
      ],
      [
        8.6
      ],
      [
        850,
        0.010110808080808081
      ],
      [
        16.0,
        0.6506476376376376
      ],
      [
        1.9590049147320912,
        1.3050898187706856
      ]
    ],
    [
      [
        15.0
      ],
      [
        9.2
      ],
      [
        910,
        0.010110808080808081
      ],
      [
        9.93939393939394,
        0.5195191291291291
      ],
      [
        1.1822220537481836,
        0.6158292061615254
      ]
    ],
    [
      [
        15.0
      ],
      [
        9.2
      ],
      [
        910,
        0.010110808080808081
      ],
      [
        8.575757575757576,
        0.48248283283283283
      ],
      [
        1.1331555170549605,
        0.593214922746583
      ]
    ],
    [
      [
        15.0
      ],
      [
        7.9
      ],
      [
        780,
        0.010110808080808081
      ],
      [
        9.636363636363637,
        0.5495485585585586
      ],
      [
        1.480114182918949,
        1.1461261142846924
      ]
    ]
  ]
},
{
  "random_state": 5,
  "weights_bma_cv": [
    0.02901954496071236,
    0.23260932338021162,
    0.31877119228576234,
    0.18250725744991436,
    0.18018435481178216,
    0.05690832711161703
  ],
  "average_pmf_bma_cv": [
    0.03743730411453955,
    0.04047666528751789,
    0.04623306510186426,
    0.055813713547669425,
    0.06865166676481023,
    0.0817868195007838,
    0.09122444734414759,
    0.09417592938886,
    0.09040525605520013,
    0.08192528883730636,
    0.0716442393729666,
    0.06204202470375262,
    0.05453511202191116,
    0.04955330107126566,
    0.047068191531193314,
    0.048112827796600505,
    0.0016414401885673493,
    0.0009857220986734428,
    0.0006283136933219231,
    0.00042596496274718224,
    0.00030332636786719984,
    0.0002229616513925337,
    0.00016671904720574437
  ],
  "log_likelihood_bma_cv": -5.752769909932276,
  "param_num_bma_cv": 1.3464198384440587,
  "bic_bma_cv": 14.605786068777293,
  "model_uncertainty": [
    [
      0.06616820765283385,
      0.0004344003297317665,
      0.0001308872165817469,
      0.002518942225287514,
      0.930747562575565
    ],
    [
      0.23660536353473435,
      0.40492557228132864,
      0.13085722205843206,
      0.05261905580692486,
      0.17499278631858003
    ],
    [
      0.17445577174544938,
      0.4626683767859752,
      0.14937223490937931,
      0.046705556312605694,
      0.16679806024659038
    ],
    [
      0.798326238268012,
      0.030508309332186765,
      0.009670019189374938,
      0.04465156238464871,
      0.11684387082577749
    ],
    [
      0.6682752875458848,
      0.0898354396696953,
      0.028338898955504073,
      0.08007975752270896,
      0.1334706163062068
    ],
    [
      0.19056527137255116,
      0.01074921053227239,
      0.003300303573119824,
      0.034448132532423285,
      0.7609370819896333
    ]
  ],
  "params_used": [
    [
      [
        15.0
      ],
      [
        8.9
      ],
      [
        880,
        0.010110808080808081
      ],
      [
        8.878787878787879,
        0.4994995095095095
      ],
      [
        1.487712897589388,
        0.9403848947943583
      ]
    ],
    [
      [
        15.0
      ],
      [
        7.4
      ],
      [
        735,
        0.010110808080808081
      ],
      [
        2.9696969696969697,
        0.28629056056056057
      ],
      [
        0.8677506493274327,
        0.7497834296397612
      ]
    ],
    [
      [
        15.0
      ],
      [
        7.5
      ],
      [
        745,
        0.010110808080808081
      ],
      [
        2.9696969696969697,
        0.2832876176176176
      ],
      [
        0.8583161101526466,
        0.7258174952835731
      ]
    ],
    [
      [
        15.0
      ],
      [
        6.8
      ],
      [
        675,
        0.010110808080808081
      ],
      [
        3.7272727272727275,
        0.3543572672672673
      ],
      [
        1.2915608111654926,
        1.449654747828068
      ]
    ],
    [
      [
        15.0
      ],
      [
        7.2
      ],
      [
        715,
        0.010110808080808081
      ],
      [
        3.7272727272727275,
        0.34134451451451453
      ],
      [
        1.288708631339927,
        1.3279326516889425
      ]
    ],
    [
      [
        15.0
      ],
      [
        8.7
      ],
      [
        860,
        0.010110808080808081
      ],
      [
        5.696969696969697,
        0.3953974874874875
      ],
      [
        1.23107679459447,
        0.8246838709076373
      ]
    ]
  ]
},
{
  "random_state": 2,
  "weights_bma_cv": [
    0.13654937756907243,
    0.10348160616211732,
    0.28548265111958593,
    0.2854818413964619,
    0.008546821745881502,
    0.180457702006881
  ],
  "average_pmf_bma_cv": [
    0.015234883707726974,
    0.017028794199138362,
    0.021767194292840818,
    0.03148827971203312,
    0.04727328026376271,
    0.06778229650649273,
    0.08899263511156533,
    0.10567089137589322,
    0.11370610851804702,
    0.11179204267654042,
    0.10156857512512203,
    0.08653783355208121,
    0.06843257973529672,
    0.052753948909835494,
    0.03962070782972912,
    0.029373694241795485,
    0.00715576607512582,
    0.003990251837981192,
    0.0021578646847030046,
    0.0011433684806538458,
    0.0005997173462828427,
    0.0003142540470942664,
    0.00016561840775440248
  ],
  "log_likelihood_bma_cv": -4.7341946701934265,
  "param_num_bma_cv": 1.3433066326880285,
  "bic_bma_cv": 12.561467168134335,
  "model_uncertainty": [
    [
      0.2805804145482733,
      0.387295792989367,
      0.12231674420820665,
      0.12287438984793843,
      0.0869326584062147
    ],
    [
      0.5994338700414437,
      0.19620554911283156,
      0.04309664728598031,
      0.1032319445471164,
      0.05803198901262799
    ],
    [
      0.13509970354256845,
      0.4845004402859724,
      0.1542598708678463,
      0.1139473311004519,
      0.11219265420316087
    ],
    [
      0.13509942550482537,
      0.48449944317490995,
      0.15425955339811678,
      0.11394709659469106,
      0.11219448132745685
    ],
    [
      1.6220239239195166e-09,
      0.24491457640664285,
      0.047822341759793593,
      0.11646473712964014,
      0.5907983430818995
    ],
    [
      0.24183353880205194,
      0.4635876294293754,
      0.1468489787962222,
      0.10768700286991482,
